Sistema de Informações Hidrológicas
Versão Web 3.0
© 2018 Agência Nacional de Águas (ANA)

NivelConsistencia: 1 = Bruto, 2 = Consistido
TipoMedicaoChuvas: 1 = Pluviômetro, 2 = Pluviógrafo, 3 = Data logger
Status: 0 = Branco, 1 = Real, 2 = Estimado, 3 = Duvidoso, 4 = Acumulado

Restrições da consulta:
Código da Estação:08361007


EstacaoCodigo;NivelConsistencia;Data;TipoMedicaoChuvas;Maxima;Total;DiaMaxima;NumDiasDeChuva;MaximaStatus;TotalStatus;NumDiasDeChuvaStatus;TotalAnual;TotalAnualStatus;Chuva01;Chuva02;Chuva03;Chuva04;Chuva05;Chuva06;Chuva07;Chuva08;Chuva09;Chuva10;Chuva11;Chuva12;Chuva13;Chuva14;Chuva15;Chuva16;Chuva17;Chuva18;Chuva19;Chuva20;Chuva21;Chuva22;Chuva23;Chuva24;Chuva25;Chuva26;Chuva27;Chuva28;Chuva29;Chuva30;Chuva31;Chuva01Status;Chuva02Status;Chuva03Status;Chuva04Status;Chuva05Status;Chuva06Status;Chuva07Status;Chuva08Status;Chuva09Status;Chuva10Status;Chuva11Status;Chuva12Status;Chuva13Status;Chuva14Status;Chuva15Status;Chuva16Status;Chuva17Status;Chuva18Status;Chuva19Status;Chuva20Status;Chuva21Status;Chuva22Status;Chuva23Status;Chuva24Status;Chuva25Status;Chuva26Status;Chuva27Status;Chuva28Status;Chuva29Status;Chuva30Status;Chuva31Status
8361007;1;01/04/2021;1;137,0;406,6;6;15;1;1;1;;0;0,0;0,0;0,0;1,2;38,4;137,0;0,6;65,5;64,1;4,9;17,5;0,0;0,0;14,3;0,0;16,7;0,0;0,0;0,0;0,0;0,0;0,0;0,0;0,0;9,3;3,9;8,2;0,0;22,5;2,5;;1;1;1;1;1;1;1;1;1;1;1;1;1;1;1;1;1;1;1;1;1;1;1;1;1;1;1;1;1;1;0;
8361007;1;01/03/2021;1;38,0;104,1;24;8;1;1;1;;0;0,0;0,0;0,0;0,0;0,0;6,0;0,0;0,0;0,0;0,0;0,0;19,3;18,5;2,0;0,0;4,5;0,0;0,0;0,0;0,0;0,0;0,0;0,0;38,0;0,0;0,0;14,1;0,0;0,0;1,7;0,0;1;1;1;1;1;1;1;1;1;1;1;1;1;1;1;1;1;1;1;1;1;1;1;1;1;1;1;1;1;1;1;
8361007;1;01/02/2021;1;3,3;3,3;5;1;1;1;1;;0;0,0;0,0;0,0;0,0;3,3;0,0;0,0;0,0;0,0;0,0;0,0;0,0;0,0;0,0;0,0;0,0;0,0;0,0;0,0;0,0;0,0;0,0;0,0;0,0;0,0;0,0;0,0;0,0;;;;1;1;1;1;1;1;1;1;1;1;1;1;1;1;1;1;1;1;1;1;1;1;1;1;1;1;1;1;0;0;0;
8361007;1;01/01/2021;1;34,8;93,5;7;7;1;1;1;;0;0,0;0,0;3,7;1,5;0,0;0,0;34,8;33,1;8,2;12,1;0,0;0,0;0,0;0,0;0,0;0,0;0,0;0,0;0,0;0,0;0,0;0,0;0,0;0,0;0,1;0,0;0,0;0,0;0,0;0,0;0,0;1;1;1;1;1;1;1;1;1;1;1;1;1;1;1;1;1;1;1;1;1;1;1;1;1;1;1;1;1;1;1;
8361007;1;01/12/2020;1;20,6;77,7;26;12;1;1;1;;0;0,0;0,0;0,0;0,0;0,0;0,0;1,1;7,0;0,0;0,0;3,1;0,0;1,3;0,0;0,4;0,0;0,0;0,0;0,0;0,0;0,0;0,0;1,2;18,9;7,6;20,6;0,0;4,1;2,4;10,0;0,0;1;1;1;1;1;1;1;1;1;1;1;1;1;1;1;1;1;1;1;1;1;1;1;1;1;1;1;1;1;1;1;
8361007;1;01/11/2020;1;63,5;251,6;25;13;1;1;1;;0;24,4;20,6;5,2;0,0;47,9;0,0;0,0;48,4;0,7;0,0;0,0;0,0;0,0;1,5;0,0;6,3;0,0;10,4;0,0;0,0;0,0;3,1;0,0;0,0;63,5;18,0;0,0;0,0;0,0;1,6;;1;1;1;1;1;1;1;1;1;1;1;1;1;1;1;1;1;1;1;1;1;1;1;1;1;1;1;1;1;1;0;
8361007;1;01/10/2020;1;28,6;45,5;31;6;1;1;1;;0;0,0;0,0;3,1;0,0;9,8;0,3;1,7;0,0;0,0;0,0;0,0;0,0;0,0;0,0;0,0;0,0;0,0;0,0;0,0;0,0;2,0;0,0;0,0;0,0;0,0;0,0;0,0;0,0;0,0;0,0;28,6;1;1;1;1;1;1;1;1;1;1;1;1;1;1;1;1;1;1;1;1;1;1;1;1;1;1;1;1;1;1;1;
8361007;1;01/09/2020;1;18,0;40,7;3;6;1;1;1;;0;0,0;0,0;18,0;0,0;1,8;0,0;0,0;0,0;13,4;0,0;0,7;0,0;0,0;0,0;0,0;0,0;0,0;0,0;0,0;0,0;0,0;0,0;0,0;1,7;0,0;0,0;5,1;0,0;0,0;0,0;;1;1;1;1;1;1;1;1;1;1;1;1;1;1;1;1;1;1;1;1;1;1;1;1;1;1;1;1;1;1;0;
8361007;1;01/08/2020;1;55,5;233,1;29;14;1;1;1;;0;0,0;0,0;0,0;44,0;0,0;20,2;0,0;6,8;0,0;0,0;30,9;20,6;0,0;0,0;34,9;0,0;0,8;0,7;0,0;0,0;0,0;0,0;4,2;0,0;0,0;9,0;0,1;0,0;55,5;2,5;2,9;1;1;1;1;1;1;1;1;1;1;1;1;1;1;1;1;1;1;1;1;1;1;1;1;1;1;1;1;1;1;1;
8361007;1;01/07/2020;1;62,0;378,9;6;21;1;1;1;;0;1,6;22,2;0,2;0,0;47,3;62,0;0,2;19,3;0,0;5,5;0,0;11,2;17,6;0,0;4,8;0,0;7,2;3,6;9,5;0,0;0,0;22,0;30,9;43,9;0,0;0,5;50,9;0,0;0,0;18,0;0,5;1;1;1;1;1;1;1;1;1;1;1;1;1;1;1;1;1;1;1;1;1;1;1;1;1;1;1;1;1;1;1;
8361007;1;01/06/2020;1;84,8;399,0;29;18;1;1;1;;0;0,0;0,3;0,0;27,5;0,8;3,5;28,2;51,2;42,5;0,0;0,0;30,2;4,1;19,5;3,3;0,0;0,0;9,3;0,0;0,0;0,6;23,4;0,0;0,0;0,0;6,2;36,7;26,9;84,8;0,0;;1;1;1;1;1;1;1;1;1;1;1;1;1;1;1;1;1;1;1;1;1;1;1;1;1;1;1;1;1;1;0;
8361007;1;01/05/2020;1;84,8;402,5;29;19;1;1;1;;0;0,0;0,3;0,0;27,5;0,8;3,5;28,2;51,2;42,5;0,0;0,0;30,2;4,1;19,5;3,3;0,0;0,0;9,3;0,0;0,0;0,6;23,4;0,0;0,0;0,0;6,2;36,7;26,9;84,8;0,0;3,5;1;1;1;1;1;1;1;1;1;1;1;1;1;1;1;1;1;1;1;1;1;1;1;1;1;1;1;1;1;1;1;
8361007;1;01/04/2020;1;27,4;60,0;21;9;1;1;1;;0;0,0;0,0;0,0;0,0;0,0;0,5;1,9;1,5;3,0;0,0;0,0;0,0;0,0;0,0;0,0;0,0;0,0;3,0;3,2;18,2;27,4;0,0;0,0;0,0;0,0;0,0;0,0;1,3;0,0;0,0;;1;1;1;1;1;1;1;1;1;1;1;1;1;1;1;1;1;1;1;1;1;1;1;1;1;1;1;1;1;1;0;
8361007;1;01/03/2020;1;10,5;13,7;21;7;1;1;1;;0;0,0;0,0;0,0;0,0;0,0;0,0;0,0;0,0;0,0;0,0;0,0;0,0;0,0;0,0;1,4;0,2;0,3;0,0;0,0;0,0;10,5;0,0;0,0;0,0;0,0;0,0;0,0;0,0;0,2;0,5;0,6;1;1;1;1;1;1;1;1;1;1;1;1;1;1;1;1;1;1;1;1;1;1;1;1;1;1;1;1;1;1;1;
8361007;1;01/02/2020;1;1,4;1,4;25;1;1;1;1;;0;0,0;0,0;0,0;0,0;0,0;0,0;0,0;0,0;0,0;0,0;0,0;0,0;0,0;0,0;0,0;0,0;0,0;0,0;0,0;0,0;0,0;0,0;0,0;0,0;1,4;0,0;0,0;0,0;0,0;;;1;1;1;1;1;1;1;1;1;1;1;1;1;1;1;1;1;1;1;1;1;1;1;1;1;1;1;1;1;0;0;
8361007;1;01/01/2020;1;0,4;0,4;15;1;1;1;1;;0;0,0;0,0;0,0;0,0;0,0;0,0;0,0;0,0;0,0;0,0;0,0;0,0;0,0;0,0;0,4;0,0;0,0;0,0;0,0;0,0;0,0;0,0;0,0;0,0;0,0;0,0;0,0;0,0;0,0;0,0;0,0;1;1;1;1;1;1;1;1;1;1;1;1;1;1;1;1;1;1;1;1;1;1;1;1;1;1;1;1;1;1;1;
8361007;1;01/12/2019;1;120,9;141,1;13;9;2;2;2;;0;0,0;0,0;0,0;0,0;0,0;0,0;0,0;0,0;0,0;0,0;0,0;0,0;120,9;1,0;0,0;0,0;0,0;0,5;1,1;4,1;0,0;0,0;0,0;3,0;0,0;0,0;0,3;5,2;5,0;0,0;0,0;1;1;1;1;1;1;1;1;1;1;1;1;1;1;1;1;1;1;1;1;1;1;1;1;1;1;1;1;1;1;2;
8361007;1;01/11/2019;1;63,5;144,1;22;12;1;1;1;;0;0,9;0,0;0,0;0,0;6,8;0,1;0,0;0,2;12,5;0,0;0,0;0,0;0,0;0,0;0,0;0,0;9,6;30,5;0,0;0,0;0,8;63,5;0,0;0,2;0,0;5,7;0,0;0,0;0,0;13,3;;1;1;1;1;1;1;1;1;1;1;1;1;1;1;1;1;1;1;1;1;1;1;1;1;1;1;1;1;1;1;0;
8361007;1;01/10/2019;1;4,9;10,4;8;4;1;1;1;;0;0,0;0,0;0,0;0,0;0,0;0,0;0,0;4,9;0,0;0,0;0,0;0,0;0,0;0,0;0,0;0,0;2,1;0,0;0,0;0,0;3,2;0,2;0,0;0,0;0,0;0,0;0,0;0,0;0,0;0,0;0,0;1;1;1;1;1;1;1;1;1;1;1;1;1;1;1;1;1;1;1;1;1;1;1;1;1;1;1;1;1;1;1;
8361007;1;01/09/2019;1;26,6;78,2;29;10;1;1;1;;0;0,0;0,0;0,0;3,2;0,0;0,0;0,0;4,5;0,1;0,8;9,2;0,0;0,0;0,0;0,0;0,0;23,5;4,1;0,0;0,0;0,0;0,0;2,0;0,0;0,0;0,0;0,0;0,0;26,6;4,2;0,0;1;1;1;1;1;1;1;1;1;1;1;1;1;1;1;1;1;1;1;1;1;1;1;1;1;1;1;1;1;1;1;
8361007;1;01/08/2019;1;33,3;160,0;6;15;1;1;1;;0;0,0;2,2;0,8;2,6;0,0;33,3;0,0;0,0;26,1;0,0;5,6;20,0;6,5;1,4;28,4;9,0;14,0;6,0;0,0;0,0;0,0;0,0;0,0;0,0;0,0;0,0;0,0;0,0;0,1;4,0;0,0;1;1;1;1;1;1;1;1;1;1;1;1;1;1;1;1;1;1;1;1;1;1;1;1;1;1;1;1;1;1;1;
8361007;1;01/07/2019;1;80,7;293,5;31;19;1;1;1;;0;20,2;0,0;0,0;0,0;4,7;0,0;0,0;0,5;3,4;18,2;27,2;15,2;0,0;0,0;0,0;0,0;9,7;5,5;59,5;3,9;1,3;1,2;0,9;12,0;0,0;2,5;0,0;14,4;0,0;12,5;80,7;1;1;1;1;1;1;1;1;1;1;1;1;1;1;1;1;1;1;1;1;1;1;1;1;1;1;1;1;1;1;1;
8361007;1;01/06/2019;1;45,0;251,2;18;23;1;1;1;;0;1,3;28,6;5,4;2,0;0,0;3,6;0,0;8,4;7,4;12,0;12,2;28,6;6,4;0,8;0,0;12,0;3,3;45,0;0,0;0,0;0,0;0,5;10,0;1,8;38,2;6,1;0,4;0,0;8,8;8,4;;1;1;1;1;1;1;1;1;1;1;1;1;1;1;1;1;1;1;1;1;1;1;1;1;1;1;1;1;1;1;0;
8361007;1;01/05/2019;1;74,8;517,6;28;24;1;1;1;;0;0,0;5,1;0,0;0,4;2,1;52,6;48,0;19,9;0,0;40,3;65,6;7,6;0,0;2,9;37,7;12,8;32,5;0,9;0,0;30,1;41,5;3,3;10,0;9,8;2,4;6,2;8,5;74,8;2,6;0,0;0,0;1;1;1;1;1;1;1;1;1;1;1;1;1;1;1;1;1;1;1;1;1;1;1;1;1;1;1;1;1;1;1;
8361007;1;01/04/2019;1;6,7;13,9;26;5;1;1;1;;0;0,0;0,0;0,0;0,0;0,0;0,0;0,0;0,0;0,0;0,0;0,0;0,0;0,0;0,0;0,0;0,0;0,0;0,0;1,4;0,0;0,0;0,0;0,0;1,0;0,9;6,7;3,9;0,0;0,0;0,0;;1;1;1;1;1;1;1;1;1;1;1;1;1;1;1;1;1;1;1;1;1;1;1;1;1;1;1;1;1;1;0;
8361007;1;01/03/2019;1;0,0;0,0;1;0;1;1;1;;0;0,0;0,0;0,0;0,0;0,0;0,0;0,0;0,0;0,0;0,0;0,0;0,0;0,0;0,0;0,0;0,0;0,0;0,0;0,0;0,0;0,0;0,0;0,0;0,0;0,0;0,0;0,0;0,0;0,0;0,0;0,0;1;1;1;1;1;1;1;1;1;1;1;1;1;1;1;1;1;1;1;1;1;1;1;1;1;1;1;1;1;1;1;
8361007;1;01/02/2019;1;1,0;1,0;8;1;1;1;1;;0;0,0;0,0;0,0;0,0;0,0;0,0;0,0;1,0;0,0;0,0;0,0;0,0;0,0;0,0;0,0;0,0;0,0;0,0;0,0;0,0;0,0;0,0;0,0;0,0;0,0;0,0;0,0;0,0;;;;1;1;1;1;1;1;1;1;1;1;1;1;1;1;1;1;1;1;1;1;1;1;1;1;1;1;1;1;0;0;0;
8361007;1;01/01/2019;1;3,3;3,3;4;1;1;1;1;;0;0,0;0,0;0,0;3,3;0,0;0,0;0,0;0,0;0,0;0,0;0,0;0,0;0,0;0,0;0,0;0,0;0,0;0,0;0,0;0,0;0,0;0,0;0,0;0,0;0,0;0,0;0,0;0,0;0,0;0,0;0,0;1;1;1;1;1;1;1;1;1;1;1;1;1;1;1;1;1;1;1;1;1;1;1;1;1;1;1;1;1;1;1;
8361007;1;01/12/2018;1;14,4;32,0;29;3;1;1;1;;0;0,0;0,0;0,0;0,0;0,0;0,0;0,0;0,0;5,6;0,0;0,0;0,0;0,0;0,0;0,0;0,0;0,0;12,0;0,0;0,0;0,0;0,0;0,0;0,0;0,0;0,0;0,0;0,0;14,4;0,0;0,0;1;1;1;1;1;1;1;1;1;1;1;1;1;1;1;1;1;1;1;1;1;1;1;1;1;1;1;1;1;1;1;
8361007;1;01/11/2018;1;23,4;61,3;29;6;1;1;1;;0;0,0;0,0;0,0;0,0;0,0;15,4;8,6;3,3;0,0;0,0;0,0;0,0;0,0;0,0;0,0;0,0;0,0;0,0;0,0;6,4;0,0;0,0;0,0;0,0;0,0;0,0;0,0;0,0;23,4;4,2;;1;1;1;1;1;1;1;1;1;1;1;1;1;1;1;1;1;1;1;1;1;1;1;1;1;1;1;1;1;1;0;
8361007;1;01/10/2018;1;116,6;198,7;23;4;1;1;1;;0;0,0;0,0;0,0;0,0;0,0;0,0;0,0;0,0;0,0;0,0;0,0;0,0;0,0;0,0;0,0;0,0;0,0;2,5;73,8;0,0;0,0;0,0;116,6;0,0;0,0;0,0;0,0;0,0;0,0;5,8;0,0;1;1;1;1;1;1;1;1;1;1;1;1;1;1;1;1;1;1;1;1;1;1;1;1;1;1;1;1;1;1;1;
8361007;1;01/09/2018;1;38,3;120,1;3;9;1;1;1;;0;0,0;1,9;38,3;0,0;22,4;0,0;0,0;0,0;29,0;0,0;5,0;0,0;2,2;2,1;0,0;0,0;1,6;17,6;0,0;0,0;0,0;0,0;0,0;0,0;0,0;0,0;0,0;0,0;0,0;0,0;;1;1;1;1;1;1;1;1;1;1;1;1;1;1;1;1;1;1;1;1;1;1;1;1;1;1;1;1;1;1;0;
8361007;1;01/08/2018;1;46,9;94,8;28;12;1;1;1;;0;0,0;0,0;0,0;4,5;2,8;3,6;9,7;0,2;0,0;0,0;0,0;8,0;1,2;0,0;0,0;0,0;1,1;13,9;2,3;0,0;0,0;0,0;0,0;0,6;0,0;0,0;0,0;46,9;0,0;0,0;0,0;1;1;1;1;1;1;1;1;1;1;1;1;1;1;1;1;1;1;1;1;1;1;1;1;1;1;1;1;1;1;1;
8361007;1;01/07/2018;1;37,5;337,1;29;26;1;1;1;;0;22,1;18,9;1,8;0,0;11,5;5,8;8,3;3,2;2,7;10,9;4,7;8,9;9,0;0,0;0,0;16,7;19,9;29,0;2,1;33,2;0,0;0,9;0,0;20,7;20,6;1,7;17,5;6,9;37,5;12,8;9,8;1;1;1;1;1;1;1;1;1;1;1;1;1;1;1;1;1;1;1;1;1;1;1;1;1;1;1;1;1;1;1;
8361007;1;01/06/2018;1;40,3;333,8;5;24;1;1;1;;0;3,4;2,4;1,9;0,0;40,3;5,3;4,8;2,1;0,0;3,2;0,0;5,6;25,6;29,8;0,0;0,0;0,0;11,9;16,0;23,1;18,6;5,6;22,8;12,6;29,1;11,4;4,2;10,2;21,5;22,4;;1;1;1;1;1;1;1;1;1;1;1;1;1;1;1;1;1;1;1;1;1;1;1;1;1;1;1;1;1;1;0;
8361007;1;01/05/2018;1;;328,1;;;0;1;0;;0;25,8;18,8;17,1;0,0;0,0;0,0;3,9;0,0;0,0;0,0;12,2;10,1;16,3;30,8;0,0;0,0;0,0;21,0;14,7;0,0;28,3;0,0;39,7;11,4;8,4;;;60,7;8,9;0,0;0,0;1;1;1;1;1;1;1;1;1;1;1;1;1;1;1;1;1;1;1;1;1;1;1;1;1;0;0;4;1;1;1;
8361007;1;01/04/2018;1;70,0;221,6;23;6;1;1;1;;0;0,0;0,0;0,0;0,0;0,0;0,0;0,0;0,0;0,0;0,0;0,0;0,0;0,0;0,0;0,0;46,4;0,0;0,0;0,0;0,0;0,0;0,0;70,0;56,4;0,0;0,0;18,4;11,6;18,8;0,0;;1;1;1;1;1;1;1;1;1;1;1;1;1;1;1;1;1;1;1;1;1;1;1;1;1;1;1;1;1;1;0;
8361007;1;01/03/2018;1;2,0;2,0;6;1;1;1;1;;0;0,0;0,0;0,0;0,0;0,0;2,0;0,0;0,0;0,0;0,0;0,0;0,0;0,0;0,0;0,0;0,0;0,0;0,0;0,0;0,0;0,0;0,0;0,0;0,0;0,0;0,0;0,0;0,0;0,0;0,0;0,0;1;1;1;1;1;1;1;1;1;1;1;1;1;1;1;1;1;1;1;1;1;1;1;1;1;1;1;1;1;1;1;
8361007;1;01/02/2018;1;0,0;0,0;1;0;1;1;1;;0;0,0;0,0;0,0;0,0;0,0;0,0;0,0;0,0;0,0;0,0;0,0;0,0;0,0;0,0;0,0;0,0;0,0;0,0;0,0;0,0;0,0;0,0;0,0;0,0;0,0;0,0;0,0;0,0;;;;1;1;1;1;1;1;1;1;1;1;1;1;1;1;1;1;1;1;1;1;1;1;1;1;1;1;1;1;0;0;0;
8361007;1;01/01/2018;1;27,4;38,8;17;2;3;3;3;;0;0,0;0,0;0,0;0,0;0,0;11,4;0,0;0,0;0,0;0,0;0,0;0,0;0,0;0,0;0,0;0,0;27,4;0,0;0,0;0,0;0,0;0,0;0,0;0,0;0,0;0,0;0,0;0,0;0,0;0,0;0,0;1;1;1;1;1;3;1;1;1;1;1;1;1;1;1;1;3;1;1;1;1;1;1;1;1;1;1;1;1;1;1;
8361007;1;01/12/2017;1;48,3;128,2;30;5;3;3;3;;0;0,0;0,0;0,0;0,0;0,0;0,0;0,0;0,0;0,0;0,0;0,0;0,0;0,0;27,3;0,0;0,0;0,0;0,0;0,0;0,0;0,0;0,0;18,1;0,0;0,0;0,0;11,3;23,2;0,0;48,3;0,0;1;1;1;1;1;1;1;1;1;1;1;1;1;1;1;1;1;1;1;1;1;1;3;1;1;1;3;3;1;3;1;
8361007;1;01/11/2017;1;37,4;43,8;25;2;3;3;3;;0;0,0;0,0;0,0;0,0;0,0;0,0;0,0;0,0;0,0;0,0;0,0;0,0;0,0;0,0;6,4;0,0;0,0;0,0;0,0;0,0;0,0;0,0;0,0;0,0;37,4;0,0;0,0;0,0;0,0;0,0;;1;1;1;1;1;1;1;1;1;1;1;1;1;1;3;1;1;1;1;1;1;1;1;1;3;1;1;1;1;1;0;
8361007;1;01/10/2017;1;40,6;131,7;10;5;3;3;3;;0;0,0;0,0;2,2;0,0;0,0;22,7;27,9;0,0;0,0;40,6;0,0;0,0;0,0;38,3;0,0;0,0;0,0;0,0;0,0;0,0;0,0;0,0;0,0;0,0;0,0;0,0;0,0;0,0;0,0;0,0;0,0;1;1;1;1;1;3;3;1;1;1;1;1;1;3;1;1;1;1;1;1;1;1;1;1;1;1;1;1;1;1;1;
8361007;1;01/09/2017;1;37,5;202,5;19;10;1;1;1;;0;0,0;0,0;0,0;0,0;31,4;0,0;13,0;0,0;0,0;0,0;23,3;18,4;11,7;0,0;0,0;0,0;0,0;0,0;37,5;0,0;2,4;0,0;22,0;0,0;0,0;0,0;11,6;0,0;0,0;31,2;;1;1;1;1;1;1;1;1;1;1;1;1;1;1;1;1;1;1;1;1;1;1;1;1;1;1;1;1;1;1;0;
8361007;1;01/08/2017;1;71,6;290,4;4;10;1;1;1;;0;0,0;0,0;63,4;71,6;0,0;0,0;0,0;0,0;29,5;20,2;0,0;0,0;0,0;0,0;0,0;0,0;0,0;0,0;0,0;0,0;0,0;0,0;0,0;0,0;0,0;70,3;3,6;6,8;6,1;7,3;11,6;1;1;1;1;1;1;1;1;1;1;1;1;1;1;1;1;1;1;1;1;1;1;1;1;1;1;1;1;1;1;1;
8361007;1;01/07/2017;1;33,0;316,4;4;19;1;1;1;;0;12,5;10,0;0,0;33,0;2,7;8,7;0,0;18,3;19,5;0,0;14,1;22,1;0,0;0,0;0,0;29,1;0,0;0,0;0,0;27,9;0,0;12,2;0,0;0,0;23,5;15,1;9,3;7,5;26,4;8,7;15,8;1;1;1;1;1;1;1;1;1;1;1;1;1;1;1;1;1;1;1;1;1;1;1;1;1;1;1;1;1;1;1;
8361007;1;01/06/2017;1;91,5;433,6;22;18;1;1;1;;0;0,0;3,1;24,8;2,8;0,0;24,7;4,6;7,0;16,1;1,9;0,0;0,0;35,1;0,0;0,0;0,0;0,0;11,3;0,0;73,6;51,4;91,5;0,0;0,0;25,7;6,1;0,0;5,9;38,0;10,0;;1;1;1;1;1;1;1;1;1;1;1;1;1;1;1;1;1;1;1;1;1;1;1;1;1;1;1;1;1;1;0;
8361007;1;01/05/2017;1;172,7;548,7;5;15;3;3;3;;0;0,0;23,9;41,2;0,0;172,7;0,0;33,4;51,7;46,8;41,4;22,5;13,8;15,5;31,4;0,0;24,4;16,8;7,1;0,0;6,1;0,0;0,0;0,0;0,0;0,0;0,0;0,0;0,0;0,0;0,0;0,0;1;1;1;1;3;1;1;1;1;1;1;1;1;1;1;1;1;1;1;1;1;1;1;1;1;1;1;1;1;1;1;
8361007;1;01/04/2017;1;15,3;23,1;29;3;3;3;3;;0;0,0;0,0;0,0;0,0;0,0;0,0;0,0;0,0;0,0;0,0;0,0;0,0;0,0;0,0;5,1;0,0;2,7;0,0;0,0;0,0;0,0;0,0;0,0;0,0;0,0;0,0;0,0;0,0;15,3;0,0;;1;1;1;1;1;1;1;1;1;1;1;1;1;1;1;1;1;1;1;3;1;1;1;1;1;1;1;1;1;1;0;
8361007;1;01/03/2017;1;74,8;100,0;30;3;3;3;3;;0;4,0;0,0;0,0;0,0;0,0;0,0;0,0;0,0;0,0;0,0;21,2;0,0;0,0;0,0;0,0;0,0;0,0;0,0;0,0;0,0;0,0;0,0;0,0;0,0;0,0;0,0;0,0;0,0;0,0;74,8;0,0;1;1;1;1;1;1;1;1;1;1;3;1;1;1;1;1;1;1;1;1;1;1;1;1;1;1;1;1;1;3;1;
8361007;1;01/02/2017;1;27,8;61,5;22;3;3;3;3;;0;0,0;0,0;0,0;0,0;0,0;10,0;0,0;0,0;0,0;0,0;0,0;0,0;0,0;0,0;0,0;0,0;0,0;0,0;0,0;0,0;0,0;27,8;0,0;23,7;0,0;0,0;0,0;0,0;0,0;0,0;0,0;1;1;1;1;1;1;1;1;1;1;1;1;1;1;1;1;1;1;1;1;1;3;1;3;1;1;1;1;1;1;1;
8361007;1;01/01/2017;1;69,4;103,5;18;3;1;1;1;;0;0,0;0,0;0,0;0,0;0,0;0,0;0,0;0,0;0,0;0,0;0,0;0,0;0,0;9,8;0,0;0,0;0,0;69,4;0,0;0,0;0,0;0,0;24,3;0,0;0,0;0,0;0,0;0,0;0,0;0,0;0,0;1;1;1;1;1;1;1;1;1;1;1;1;1;1;1;1;1;1;1;1;1;1;1;1;1;1;1;1;1;1;1;
8361007;1;01/12/2016;1;23,4;61,7;18;3;1;1;1;;0;0,0;0,0;0,0;0,0;0,0;0,0;0,0;0,0;0,0;0,0;0,0;0,0;0,0;0,0;0,0;0,0;0,0;23,4;0,0;0,0;0,0;0,0;0,0;20,6;0,0;17,7;0,0;0,0;0,0;0,0;0,0;1;1;1;1;1;1;1;1;1;1;1;1;1;1;1;1;1;1;1;1;1;1;1;1;1;1;1;1;1;1;1;
8361007;1;01/11/2016;1;16,7;43,0;19;5;1;1;1;;0;0,0;0,0;0,0;0,0;1,4;0,0;0,0;0,0;0,0;0,0;0,0;0,0;0,0;0,0;0,0;2,9;0,0;0,0;16,7;0,0;10,0;0,0;12,0;0,0;0,0;0,0;0,0;0,0;0,0;0,0;;1;1;1;1;1;1;1;1;1;1;1;1;1;1;1;1;1;1;1;1;1;1;1;1;1;1;1;1;1;1;0;
8361007;1;01/10/2016;1;9,3;21,4;26;3;1;1;1;;0;0,0;0,0;0,0;0,0;0,0;0,0;0,0;0,0;4,6;0,0;0,0;0,0;0,0;0,0;0,0;0,0;0,0;0,0;0,0;0,0;0,0;0,0;0,0;0,0;0,0;9,3;0,0;0,0;7,5;0,0;0,0;1;1;1;1;1;1;1;1;1;1;1;1;1;1;1;1;1;1;1;1;1;1;1;1;1;1;1;1;1;1;1;
8361007;1;01/09/2016;1;9,3;34,5;3;6;1;1;1;;0;0,0;0,0;9,3;0,0;0,0;0,0;7,7;0,0;0,0;0,0;0,0;0,0;3,7;0,0;0,0;1,2;8,9;0,0;0,0;0,0;0,0;3,7;0,0;0,0;0,0;0,0;0,0;0,0;0,0;0,0;;1;1;1;1;1;1;1;1;1;1;1;1;1;1;1;1;1;1;1;1;1;1;1;1;1;1;1;1;1;1;0;
8361007;1;01/08/2016;1;8,7;67,3;14;11;1;1;1;;0;0,0;0,0;5,3;8,2;0,0;0,0;0,0;0,0;2,3;3,2;7,4;3,3;0,0;8,7;4,4;0,0;0,0;0,0;0,0;0,0;0,0;0,0;0,0;8,0;8,6;0,0;0,0;0,0;0,0;7,9;0,0;1;1;1;1;1;1;1;1;1;1;1;1;1;1;1;1;1;1;1;1;1;1;1;1;1;1;1;1;1;1;1;
8361007;1;01/07/2016;1;71,2;322,0;4;13;1;1;1;;0;16,7;5,1;24,3;71,2;30,7;0,0;33,0;0,0;24,5;0,0;0,0;0,0;0,0;18,6;0,0;7,4;0,0;0,0;0,0;22,2;24,1;0,0;0,0;18,7;0,0;25,5;0,0;0,0;0,0;0,0;0,0;1;1;1;1;1;1;1;1;1;1;1;1;1;1;1;1;1;1;1;1;1;1;1;1;1;1;1;1;1;1;1;
8361007;1;01/06/2016;1;62,7;396,1;30;11;1;1;1;;0;0,0;32,7;0,0;0,0;0,0;0,0;0,0;0,0;0,0;0,0;17,3;14,6;0,0;0,0;9,3;31,4;0,0;0,0;0,0;43,3;0,0;51,3;0,0;62,3;0,0;0,0;53,7;17,5;0,0;62,7;;1;1;1;1;1;1;1;1;1;1;1;1;1;1;1;1;1;1;1;1;1;1;1;1;1;1;1;1;1;1;0;
8361007;1;01/05/2016;1;63,8;404,1;12;14;1;1;1;;0;11,3;0,0;7,2;24,7;16,1;18,4;0,0;57,5;0,0;38,9;31,1;63,8;0,0;0,0;0,0;18,7;22,3;17,0;0,0;0,0;0,0;0,0;0,0;0,0;0,0;0,0;0,0;0,0;0,0;35,8;41,3;1;1;1;1;1;1;1;1;1;1;1;1;1;1;1;1;1;1;1;1;1;1;1;1;1;1;1;1;1;1;1;
8361007;1;01/04/2016;1;45,3;148,4;14;9;1;1;1;;0;0,0;0,0;0,0;0,0;0,0;0,0;10,2;0,0;0,0;0,0;0,0;0,0;0,0;45,3;8,2;0,0;0,0;13,1;0,0;7,7;0,0;0,0;0,0;17,4;0,0;11,3;0,0;9,5;25,7;0,0;;1;1;1;1;1;1;1;1;1;1;1;1;1;1;1;1;1;1;1;1;1;1;1;1;1;1;1;1;1;1;0;
8361007;1;01/03/2016;1;31,4;53,9;29;3;1;1;1;;0;0,0;0,0;0,0;0,0;0,0;0,0;0,0;0,0;0,0;0,0;0,0;0,0;0,0;12,2;0,0;0,0;0,0;0,0;0,0;0,0;0,0;0,0;0,0;0,0;0,0;0,0;0,0;10,3;31,4;0,0;0,0;1;1;1;1;1;1;1;1;1;1;1;1;1;1;1;1;1;1;1;1;1;1;1;1;1;1;1;1;1;1;1;
8361007;1;01/02/2016;1;61,2;61,2;24;1;1;1;1;;0;0,0;0,0;0,0;0,0;0,0;0,0;0,0;0,0;0,0;0,0;0,0;0,0;0,0;0,0;0,0;0,0;0,0;0,0;0,0;0,0;0,0;0,0;0,0;61,2;0,0;0,0;0,0;0,0;0,0;;;1;1;1;1;1;1;1;1;1;1;1;1;1;1;1;1;1;1;1;1;1;1;1;1;1;1;1;1;1;0;0;
8361007;1;01/01/2016;1;0,0;0,0;1;0;1;1;1;;0;0,0;0,0;0,0;0,0;0,0;0,0;0,0;0,0;0,0;0,0;0,0;0,0;0,0;0,0;0,0;0,0;0,0;0,0;0,0;0,0;0,0;0,0;0,0;0,0;0,0;0,0;0,0;0,0;0,0;0,0;0,0;1;1;1;1;1;1;1;1;1;1;1;1;1;1;1;1;1;1;1;1;1;1;1;1;1;1;1;1;1;1;1;
8361007;1;01/12/2015;1;31,7;31,7;3;1;1;1;1;;0;0,0;0,0;31,7;0,0;0,0;0,0;0,0;0,0;0,0;0,0;0,0;0,0;0,0;0,0;0,0;0,0;0,0;0,0;0,0;0,0;0,0;0,0;0,0;0,0;0,0;0,0;0,0;0,0;0,0;0,0;0,0;1;1;1;1;1;1;1;1;1;1;1;1;1;1;1;1;1;1;1;1;1;1;1;1;1;1;1;1;1;1;1;
8361007;1;01/11/2015;1;24,5;64,0;21;5;1;1;1;;0;8,1;5,3;0,0;0,0;0,0;0,0;0,0;0,0;0,0;0,0;0,0;0,0;0,0;0,0;0,0;0,0;0,0;0,0;0,0;19,2;24,5;0,0;0,0;0,0;0,0;0,0;6,9;0,0;0,0;0,0;;1;1;1;1;1;1;1;1;1;1;1;1;1;1;1;1;1;1;1;1;1;1;1;1;1;1;1;1;1;1;0;
8361007;1;01/10/2015;1;19,7;38,4;24;3;1;1;1;;0;0,0;0,0;0,0;0,0;0,0;0,0;0,0;0,0;0,0;0,0;0,0;0,0;0,0;0,0;0,0;0,0;0,0;0,0;0,0;0,0;0,0;0,0;11,4;19,7;0,0;0,0;7,3;0,0;0,0;0,0;0,0;1;1;1;1;1;1;1;1;1;1;1;1;1;1;1;1;1;1;1;1;1;1;1;1;1;1;1;1;1;1;1;
8361007;1;01/09/2015;1;57,3;134,8;3;5;1;1;1;;0;0,0;0,0;57,3;0,0;0,0;13,8;0,0;0,0;0,0;0,0;0,0;0,0;15,1;0,0;0,0;33,9;0,0;0,0;0,0;0,0;0,0;0,0;0,0;0,0;0,0;0,0;14,7;0,0;0,0;0,0;;1;1;1;1;1;1;1;1;1;1;1;1;1;1;1;1;1;1;1;1;1;1;1;1;1;1;1;1;1;1;0;
8361007;1;01/08/2015;1;26,9;174,6;25;11;1;1;1;;0;0,0;6,4;0,0;0,0;0,0;16,3;0,0;0,0;0,0;0,0;0,0;0,0;12,4;14,3;0,0;0,0;0,0;0,0;11,6;0,0;5,1;0,0;18,3;21,4;26,9;0,0;0,0;0,0;0,0;18,7;23,2;1;1;1;1;1;1;1;1;1;1;1;1;1;1;1;1;1;1;1;1;1;1;1;1;1;1;1;1;1;1;1;
8361007;1;01/07/2015;1;61,4;423,3;21;18;1;1;1;;0;41,9;7,1;40,3;51,4;0,0;36,2;0,0;0,0;0,0;0,0;8,2;0,0;0,0;17,1;6,0;0,0;9,3;11,4;0,0;39,7;61,4;35,6;0,0;0,0;18,1;9,3;6,5;0,0;0,0;4,7;19,1;1;1;1;1;1;1;1;1;1;1;1;1;1;1;1;1;1;1;1;1;1;1;1;1;1;1;1;1;1;1;1;
8361007;1;01/06/2015;1;47,4;274,2;12;14;1;1;1;;0;0,0;0,0;5,3;0,0;0,0;0,0;15,1;0,0;0,0;0,0;20,3;47,4;8,0;11,7;34,9;17,2;21,5;0,0;0,0;33,3;25,0;0,0;19,4;0,0;3,2;0,0;11,9;0,0;0,0;0,0;;1;1;1;1;1;1;1;1;1;1;1;1;1;1;1;1;1;1;1;1;1;1;1;1;1;1;1;1;1;1;0;
8361007;1;01/05/2015;1;55,2;319,5;19;13;1;1;1;;0;0,0;0,0;0,0;0,0;0,0;0,0;19,7;8,1;0,0;0,0;13,7;7,3;0,0;0,0;0,0;22,4;14,1;37,8;55,2;42,0;33,8;0,0;18,9;0,0;0,0;0,0;0,0;25,2;0,0;21,3;0,0;1;1;1;1;1;1;1;1;1;1;1;1;1;1;1;1;1;1;1;1;1;1;1;1;1;1;1;1;1;1;1;
8361007;1;01/04/2015;1;23,1;42,4;19;2;1;1;1;;0;0,0;0,0;0,0;0,0;0,0;0,0;0,0;0,0;0,0;0,0;0,0;0,0;0,0;0,0;0,0;0,0;19,3;0,0;23,1;0,0;0,0;0,0;0,0;0,0;0,0;0,0;0,0;0,0;0,0;0,0;;1;1;1;1;1;1;1;1;1;1;1;1;1;1;1;1;1;1;1;1;1;1;1;1;1;1;1;1;1;1;;
8361007;1;01/03/2015;1;0,0;0,0;1;0;1;1;1;;0;0,0;0,0;0,0;0,0;0,0;0,0;0,0;0,0;0,0;0,0;0,0;0,0;0,0;0,0;0,0;0,0;0,0;0,0;0,0;0,0;0,0;0,0;0,0;0,0;0,0;0,0;0,0;0,0;0,0;0,0;0,0;1;1;1;1;1;1;1;1;1;1;1;1;1;1;1;1;1;1;1;1;1;1;1;1;1;1;1;1;1;1;1;
8361007;1;01/02/2015;1;13,2;13,2;25;1;1;1;1;;0;0,0;0,0;0,0;0,0;0,0;0,0;0,0;0,0;0,0;0,0;0,0;0,0;0,0;0,0;0,0;0,0;0,0;0,0;0,0;0,0;0,0;0,0;0,0;0,0;13,2;0,0;0,0;0,0;;;;1;1;1;1;1;1;1;1;1;1;1;1;1;1;1;1;1;1;1;1;1;1;1;1;1;1;1;1;0;0;0;
8361007;1;01/01/2015;1;0,0;0,0;1;0;1;1;1;;0;0,0;0,0;0,0;0,0;0,0;0,0;0,0;0,0;0,0;0,0;0,0;0,0;0,0;0,0;0,0;0,0;0,0;0,0;0,0;0,0;0,0;0,0;0,0;0,0;0,0;0,0;0,0;0,0;0,0;0,0;0,0;1;1;1;1;1;1;1;1;1;1;1;1;1;1;1;1;1;1;1;1;1;1;1;1;1;1;1;1;1;1;1;
8361007;1;01/12/2014;1;28,1;28,1;24;1;1;1;1;;0;0,0;0,0;0,0;0,0;0,0;0,0;0,0;0,0;0,0;0,0;0,0;0,0;0,0;0,0;0,0;0,0;0,0;0,0;0,0;0,0;0,0;0,0;0,0;28,1;0,0;0,0;0,0;0,0;0,0;0,0;0,0;1;1;1;1;1;1;1;1;1;1;1;1;1;1;1;1;1;1;1;1;1;1;1;1;1;1;1;1;1;1;1;
8361007;1;01/11/2014;1;49,0;211,6;14;7;1;1;1;;0;0,0;0,0;0,0;0,0;0,0;0,0;31,7;0,0;0,0;0,0;0,0;36,2;17,1;49,0;0,0;0,0;0,0;0,0;11,1;44,3;0,0;0,0;22,2;0,0;0,0;0,0;0,0;0,0;0,0;0,0;;1;1;1;1;1;1;1;1;1;1;1;1;1;1;1;1;1;1;1;1;1;1;1;1;1;1;1;1;1;1;0;
8361007;1;01/10/2014;1;37,1;132,6;23;7;1;1;1;;0;0,0;0,0;0,0;0,0;4,3;22,4;17,1;0,0;3,1;20,2;0,0;0,0;0,0;0,0;0,0;0,0;0,0;0,0;0,0;0,0;0,0;0,0;37,1;0,0;0,0;28,4;0,0;0,0;0,0;0,0;0,0;1;1;1;1;1;1;1;1;1;1;1;1;1;1;1;1;1;1;1;1;1;1;1;1;1;1;1;1;1;1;1;
8361007;1;01/09/2014;1;17,3;43,2;1;4;1;1;1;;0;17,3;0,0;0,0;0,0;0,0;0,0;0,0;0,0;0,0;0,0;0,0;0,0;0,0;0,0;0,0;0,0;0,0;11,2;8,4;6,3;0,0;0,0;0,0;0,0;0,0;0,0;0,0;0,0;0,0;0,0;;1;1;1;1;1;1;1;1;1;1;1;1;1;1;1;1;1;1;1;1;1;1;1;1;1;1;1;1;1;1;0;
8361007;1;01/08/2014;1;44,1;201,7;12;13;1;1;1;;0;18,3;0,0;0,0;0,0;12,7;0,0;0,0;0,0;0,0;15,4;7,3;44,1;0,0;26,6;9,3;0,0;11,8;0,0;13,2;0,0;7,4;22,2;0,0;0,0;0,0;11,3;2,1;0,0;0,0;0,0;0,0;1;1;1;1;1;1;1;1;1;1;1;1;1;1;1;1;1;1;1;1;1;1;1;1;1;1;1;1;1;1;1;
8361007;1;01/07/2014;1;47,3;249,5;13;14;1;1;1;;0;0,0;0,0;23,9;37,8;11,7;5,1;3,3;7,0;0,0;33,2;13,8;0,0;47,3;0,0;0,0;0,0;0,0;0,0;0,0;12,0;10,3;0,0;0,0;0,0;0,0;0,0;14,3;0,0;21,1;0,0;8,7;1;1;1;1;1;1;1;1;1;1;1;1;1;1;1;1;1;1;1;1;1;1;1;1;1;1;1;1;1;1;1;
8361007;1;01/06/2014;1;68,6;297,4;29;14;1;1;1;;0;0,0;0,0;9,2;0,0;0,0;12,1;0,0;0,0;0,0;0,0;11,3;0,0;7,1;13,4;35,7;0,0;0,0;0,0;32,5;22,7;6,3;0,0;0,0;46,0;0,0;10,1;15,3;7,1;68,6;0,0;;1;1;1;1;1;1;1;1;1;1;1;1;1;1;1;1;1;1;1;1;1;1;1;1;1;1;1;1;1;1;0;
8361007;1;01/05/2014;1;62,7;130,4;27;5;1;1;1;;0;0,0;0,0;0,0;0,0;0,0;0,0;0,0;0,0;0,0;25,3;0,0;0,0;0,0;0,0;0,0;0,0;0,0;0,0;0,0;18,2;0,0;0,0;0,0;0,0;11,0;0,0;62,7;13,2;0,0;0,0;0,0;1;1;1;1;1;1;1;1;1;1;1;1;1;1;1;1;1;1;1;1;1;1;1;1;1;1;1;1;1;1;1;
8361007;1;01/04/2014;1;22,1;80,9;24;5;1;1;1;;0;0,0;0,0;0,0;0,0;0,0;0,0;0,0;0,0;0,0;0,0;0,0;0,0;0,0;0,0;16,2;11,7;0,0;0,0;0,0;0,0;0,0;17,3;0,0;22,1;13,6;0,0;0,0;0,0;0,0;0,0;;1;1;1;1;1;1;1;1;1;1;1;1;1;1;1;1;1;1;1;1;1;1;1;1;1;1;1;1;1;1;0;
8361007;1;01/03/2014;1;3,1;3,1;23;1;1;1;1;;0;0,0;0,0;0,0;0,0;0,0;0,0;0,0;0,0;0,0;0,0;0,0;0,0;0,0;0,0;0,0;0,0;0,0;0,0;0,0;0,0;0,0;0,0;3,1;0,0;0,0;0,0;0,0;0,0;0,0;0,0;0,0;1;1;1;1;1;1;1;1;1;1;1;1;1;1;1;1;1;1;1;1;1;1;1;1;1;1;1;1;1;1;1;
8361007;1;01/02/2014;1;18,2;38,5;21;3;1;1;1;;0;0,0;0,0;0,0;0,0;0,0;0,0;0,0;0,0;13,2;0,0;7,1;0,0;0,0;0,0;0,0;0,0;0,0;0,0;0,0;0,0;18,2;0,0;0,0;0,0;0,0;0,0;0,0;0,0;;;;1;1;1;1;1;1;1;1;1;1;1;1;1;1;1;1;1;1;1;1;1;1;1;1;1;1;1;1;0;0;0;
8361007;1;01/01/2014;1;0,0;0,0;1;0;1;1;1;;0;0,0;0,0;0,0;0,0;0,0;0,0;0,0;0,0;0,0;0,0;0,0;0,0;0,0;0,0;0,0;0,0;0,0;0,0;0,0;0,0;0,0;0,0;0,0;0,0;0,0;0,0;0,0;0,0;0,0;0,0;0,0;1;1;1;1;1;1;1;1;1;1;1;1;1;1;1;1;1;1;1;1;1;1;1;1;1;1;1;1;1;1;1;
8361007;1;01/12/2013;1;17,2;46,2;6;4;1;1;1;;0;0,0;0,0;0,0;0,0;0,0;17,2;0,0;0,0;0,0;8,1;12,2;0,0;0,0;0,0;0,0;0,0;0,0;0,0;0,0;0,0;0,0;8,7;0,0;0,0;0,0;0,0;0,0;0,0;0,0;0,0;0,0;1;1;1;1;1;1;1;1;1;1;1;1;1;1;1;1;1;1;1;1;1;1;1;1;1;1;1;1;1;1;1;
8361007;1;01/11/2013;1;52,9;227,1;27;11;1;1;1;;0;0,0;0,0;0,0;0,0;0,0;41,3;0,9;43,3;2,3;0,0;26,1;0,0;0,0;12,6;0,0;0,0;0,0;0,0;28,7;0,0;7,3;0,0;0,0;0,0;0,0;3,2;52,9;0,0;0,0;8,5;;1;1;1;1;1;1;1;1;1;1;1;1;1;1;1;1;1;1;1;1;1;1;1;1;1;1;1;1;1;1;0;
8361007;1;01/10/2013;1;12,3;48,6;15;9;1;1;1;;0;0,0;11,2;0,0;0,0;3,1;0,0;0,0;2,3;0,0;0,0;0,0;0,0;2,1;0,0;12,3;0,0;0,0;0,0;0,0;0,0;0,0;6,9;0,0;0,0;0,0;0,0;0,0;2,2;4,0;0,0;4,5;1;1;1;1;1;1;1;1;1;1;1;1;1;1;1;1;1;1;1;1;1;1;1;1;1;1;1;1;1;1;1;
8361007;1;01/09/2013;1;31,0;103,5;6;8;1;1;1;;0;0,0;0,0;0,0;0,0;13,2;31,0;0,0;0,0;16,1;8,3;0,0;0,0;3,1;18,2;0,0;0,0;0,0;9,4;0,0;0,0;0,0;0,0;0,0;0,0;0,0;0,0;0,0;0,0;0,0;4,2;;1;1;1;1;1;1;1;1;1;1;1;1;1;1;1;1;1;1;1;1;1;1;1;1;1;1;1;1;1;1;0;
8361007;1;01/08/2013;1;57,3;501,7;16;17;1;1;1;;0;0,0;28,0;34,1;0,0;16,2;31,1;19,3;31,4;15,9;51,0;0,0;0,0;0,0;11,2;0,0;57,3;0,0;0,0;18,7;31,0;0,0;0,0;0,0;0,0;0,0;16,5;23,3;55,2;43,4;18,1;0,0;1;1;1;1;1;1;1;1;1;1;1;1;1;1;1;1;1;1;1;1;1;1;1;1;1;1;1;1;1;1;1;
8361007;1;01/07/2013;1;76,1;317,9;1;11;1;1;1;;0;76,1;0,0;13,7;0,0;0,0;47,3;26,1;0,0;0,0;0,0;8,4;62,9;18,2;28,9;0,0;11,2;0,0;0,0;0,0;0,0;0,0;0,0;0,0;8,3;16,8;0,0;0,0;0,0;0,0;0,0;0,0;1;1;1;1;1;1;1;1;1;1;1;1;1;1;1;1;1;1;1;1;1;1;1;1;1;1;1;1;1;1;1;
8361007;1;01/06/2013;1;44,1;232,3;9;14;1;1;1;;0;9,1;0,0;0,0;0,0;0,0;33,0;11,3;8,2;44,1;27,9;5,0;17,6;0,0;0,0;15,0;0,0;0,0;0,0;0,0;7,3;10,2;0,0;0,0;22,4;8,1;0,0;0,0;13,1;0,0;0,0;;1;1;1;1;1;1;1;1;1;1;1;1;1;1;1;1;1;1;1;1;1;1;1;1;1;1;1;1;1;1;0;
8361007;1;01/05/2013;1;89,1;400,1;19;11;1;1;1;;0;41,1;0,0;28,2;0,0;0,0;7,2;11,3;0,0;0,0;75,3;0,0;0,0;0,0;0,0;0,0;0,0;34,8;0,0;89,1;0,0;56,8;0,0;0,0;0,0;0,0;0,0;27,5;21,2;0,0;0,0;7,6;1;1;1;1;1;1;1;1;1;1;1;1;1;1;1;1;1;1;1;1;1;1;1;1;1;1;1;1;1;1;1;
8361007;1;01/04/2013;1;44,3;93,6;27;7;1;1;1;;0;0,0;0,0;0,0;0,0;0,0;0,0;0,0;0,0;0,0;0,0;0,0;0,0;0,0;0,0;0,0;0,0;0,0;0,0;3,1;0,0;13,1;0,0;0,0;17,1;8,2;3,1;44,3;0,0;4,7;0,0;;1;1;1;1;1;1;1;1;1;1;1;1;1;1;1;1;1;1;1;1;1;1;1;1;1;1;1;1;1;1;0;
8361007;1;01/03/2013;1;21,7;31,8;23;2;1;1;1;;0;10,1;0,0;0,0;0,0;0,0;0,0;0,0;0,0;0,0;0,0;0,0;0,0;0,0;0,0;0,0;0,0;0,0;0,0;0,0;0,0;0,0;0,0;21,7;0,0;0,0;0,0;0,0;0,0;0,0;0,0;0,0;1;1;1;1;1;1;1;1;1;1;1;1;1;1;1;1;1;1;1;1;1;1;1;1;1;1;1;1;1;1;1;
8361007;1;01/02/2013;1;46,1;90,7;15;4;1;1;1;;0;0,0;13,1;0,0;0,0;0,0;0,0;0,0;0,0;0,0;0,0;0,0;0,0;0,0;21,2;46,1;10,3;0,0;0,0;0,0;0,0;0,0;0,0;0,0;0,0;0,0;0,0;0,0;0,0;;;;1;1;1;1;1;1;1;1;1;1;1;1;1;1;1;1;1;1;1;1;1;1;1;1;1;1;1;1;0;0;0;
8361007;1;01/01/2013;1;0,0;0,0;1;0;1;1;1;;0;0,0;0,0;0,0;0,0;0,0;0,0;0,0;0,0;0,0;0,0;0,0;0,0;0,0;0,0;0,0;0,0;0,0;0,0;0,0;0,0;0,0;0,0;0,0;0,0;0,0;0,0;0,0;0,0;0,0;0,0;0,0;1;1;1;1;1;1;1;1;1;1;1;1;1;1;1;1;1;1;1;1;1;1;1;1;1;1;1;1;1;1;1;
8361007;1;01/12/2012;1;97,1;128,3;15;6;3;3;3;;0;0,0;0,0;15,7;0,1;6,3;0,0;0,0;0,0;0,0;0,0;0,0;0,0;0,0;0,0;97,1;0,0;0,0;0,0;0,0;3,9;5,2;0,0;0,0;0,0;0,0;0,0;0,0;0,0;0,0;0,0;0,0;1;1;1;1;1;1;1;1;1;1;1;1;1;1;3;1;1;1;1;1;1;1;1;1;1;1;1;1;1;1;1;
8361007;1;01/11/2012;1;42,7;110,3;30;5;1;1;1;;0;0,0;0,0;13,2;0,0;0,0;0,0;0,0;0,0;0,0;0,0;0,0;0,0;7,3;0,0;0,0;0,0;0,0;0,0;0,0;0,0;0,0;0,0;0,0;0,0;0,0;0,0;0,0;11,1;36,0;42,7;;1;1;1;1;1;1;1;1;1;1;1;1;1;1;1;1;1;1;1;1;1;1;1;1;1;1;1;1;1;1;0;
8361007;1;01/10/2012;1;99,1;168,7;11;5;1;1;1;;0;23,4;0,0;0,0;0,0;11,2;0,0;0,0;0,0;0,0;13,7;99,1;0,0;0,0;21,3;0,0;0,0;0,0;0,0;0,0;0,0;0,0;0,0;0,0;0,0;0,0;0,0;0,0;0,0;0,0;0,0;0,0;1;1;1;1;1;1;1;1;1;1;1;1;1;1;1;1;1;1;1;1;1;1;1;1;1;1;1;1;1;1;1;
8361007;1;01/09/2012;1;23,5;40,6;30;5;1;1;1;;0;0,0;0,0;0,0;0,0;0,0;0,0;0,0;0,0;0,0;0,0;0,0;0,0;1,5;0,0;0,0;0,0;0,0;0,0;0,0;0,0;0,0;0,0;0,0;0,0;0,0;3,1;2,3;10,2;0,0;23,5;;1;1;1;1;1;1;1;1;1;1;1;1;1;1;1;1;1;1;1;1;1;1;1;1;1;1;1;1;1;1;0;
8361007;1;01/08/2012;1;33,4;185,5;8;13;1;1;1;;0;10,3;0,0;8,7;0,0;12,1;0,0;0,0;33,4;21,2;0,0;0,0;13,1;0,0;0,0;0,0;13,4;2,1;0,0;0,0;22,3;0,0;0,0;19,6;0,0;0,0;7,2;3,4;18,7;0,0;0,0;0,0;1;1;1;1;1;1;1;1;1;1;1;1;1;1;1;1;1;1;1;1;1;1;1;1;1;1;1;1;1;1;1;
8361007;1;01/07/2012;1;151,2;426,0;20;14;3;3;3;;0;8,9;0,0;20,8;32,3;0,0;0,0;0,0;11,2;0,0;15,3;0,0;55,1;6,5;0,0;33,7;18,1;42,4;0,0;0,0;151,2;0,0;0,0;0,0;0,0;3,1;0,0;0,0;0,0;18,3;0,0;9,1;1;1;1;1;1;1;1;1;1;1;1;1;1;1;1;1;1;1;1;3;1;1;1;1;1;1;1;1;1;1;1;
8361007;1;01/06/2012;1;42,6;228,9;28;16;1;1;1;;0;23,7;0,0;0,0;0,0;2,1;0,0;5,3;31,5;7,2;0,0;18,3;11,5;20,7;11,1;0,0;0,0;15,8;0,0;8,1;0,0;0,0;0,0;0,0;3,2;0,0;5,1;12,4;42,6;0,0;10,3;;1;1;1;1;1;1;1;1;1;1;1;1;1;1;1;1;1;1;1;1;1;1;1;1;1;1;1;1;1;1;0;
8361007;1;01/05/2012;1;77,9;434,1;4;15;1;1;1;;0;0,0;37,2;19,1;77,9;11,3;8,0;27,5;42,5;33,1;17,0;68,9;0,0;0,0;31,7;7,6;34,8;0,0;0,0;0,0;0,0;0,0;0,0;0,0;0,0;0,0;0,0;0,0;0,0;13,3;4,2;0,0;1;1;1;1;1;1;1;1;1;1;1;1;1;1;1;1;1;1;1;1;1;1;1;1;1;1;1;1;1;1;1;
8361007;1;01/04/2012;1;77,8;399,9;15;14;1;1;1;;0;0,0;18,1;0,0;0,0;3,2;0,0;0,0;30,0;0,0;9,1;0,0;23,9;11,3;0,0;77,8;55,5;31,7;16,6;0,0;0,0;58,9;0,0;0,0;0,0;0,0;13,4;5,5;0,0;0,0;44,9;;1;1;1;1;1;1;1;1;1;1;1;1;1;1;1;1;1;1;1;1;1;1;1;1;1;1;1;1;1;1;0;
8361007;1;01/03/2012;1;31,2;77,0;28;5;1;1;1;;0;0,0;0,0;4,2;0,0;0,0;10,3;0,0;0,0;0,0;0,0;0,0;0,0;0,0;0,0;0,0;0,0;24,2;7,1;0,0;0,0;0,0;0,0;0,0;0,0;0,0;0,0;0,0;31,2;0,0;0,0;0,0;1;1;1;1;1;1;1;1;1;1;1;1;1;1;1;1;1;1;1;1;1;1;1;1;1;1;1;1;1;1;1;
8361007;1;01/02/2012;1;52,7;159,4;23;7;1;1;1;;0;0,0;0,0;0,0;0,0;4,7;0,0;0,0;0,0;18,1;0,0;0,0;0,0;0,0;8,3;0,0;0,0;23,0;41,2;0,0;0,0;0,0;0,0;52,7;0,0;0,0;0,0;0,0;11,4;0,0;;;1;1;1;1;1;1;1;1;1;1;1;1;1;1;1;1;1;1;1;1;1;1;1;1;1;1;1;1;1;0;0;
8361007;1;01/01/2012;1;38,9;79,3;19;7;1;1;1;;0;0,0;0,0;0,0;0,0;0,0;0,0;0,0;2,1;0,0;0,0;0,0;0,0;0,0;0,0;0,0;0,0;0,0;15,3;38,9;0,0;0,0;0,0;6,2;0,0;0,0;0,0;14,7;0,8;1,3;0,0;0,0;1;1;1;1;1;1;1;1;1;1;1;1;1;1;1;1;1;1;1;1;1;1;1;1;1;1;1;1;1;1;1;
8361007;1;01/12/2011;1;35,9;71,1;23;4;1;1;1;;0;0,0;0,0;0,0;0,0;0,0;0,0;0,0;13,2;0,0;0,0;0,0;0,0;0,0;0,0;0,0;0,0;11,7;0,0;0,0;0,0;0,0;0,0;35,9;0,0;10,3;0,0;0,0;0,0;0,0;0,0;0,0;1;1;1;1;1;1;1;1;1;1;1;1;1;1;1;1;1;1;1;1;1;1;1;1;1;1;1;1;1;1;1;
8361007;1;01/11/2011;1;66,5;255,1;30;8;1;1;1;;0;62,8;13,1;0,0;0,0;11,3;0,0;0,0;0,0;0,0;9,7;0,0;31,2;0,0;0,0;0,0;0,0;0,0;0,0;44,9;0,0;0,0;0,0;0,0;0,0;15,6;0,0;0,0;0,0;0,0;66,5;;1;1;1;1;1;1;1;1;1;1;1;1;1;1;1;1;1;1;1;1;1;1;1;1;1;1;1;1;1;1;0;
8361007;1;01/10/2011;1;71,2;340,6;24;9;1;1;1;;0;0,0;0,0;0,0;33,1;29,3;0,0;0,0;0,0;15,9;0,0;0,0;0,0;0,0;13,8;0,0;42,7;0,0;40,3;0,0;0,0;54,6;0,0;0,0;71,2;0,0;0,0;39,7;0,0;0,0;0,0;0,0;1;1;1;1;1;1;1;1;1;1;1;1;1;1;1;1;1;1;1;1;1;1;1;1;1;1;1;1;1;1;1;
8361007;1;01/09/2011;1;44,1;165,3;22;8;1;1;1;;0;0,0;0,0;0,0;11,9;32,0;8,9;0,0;0,0;0,0;18,3;0,0;0,0;0,0;0,0;4,2;18,7;0,0;0,0;0,0;0,0;0,0;44,1;27,2;0,0;0,0;0,0;0,0;0,0;0,0;0,0;;1;1;1;1;1;1;1;1;1;1;1;1;1;1;1;1;1;1;1;1;1;1;1;1;1;1;1;1;1;1;0;
8361007;1;01/08/2011;1;54,3;309,8;25;11;1;1;1;;0;0,0;0,0;21,3;0,0;0,0;0,0;0,0;36,7;0,0;11,2;52,0;0,0;43,2;9,4;0,0;0,0;18,5;0,0;0,0;0,0;0,0;7,1;0,0;39,9;54,3;0,0;16,2;0,0;0,0;0,0;0,0;1;1;1;1;1;1;1;1;1;1;1;1;1;1;1;1;1;1;1;1;1;1;1;1;1;1;1;1;1;1;1;
8361007;1;01/07/2011;1;67,9;465,3;28;13;1;1;1;;0;0,0;0,0;0,0;0,0;0,0;18,7;33,3;0,0;0,0;0,0;34,5;0,0;0,0;18,2;45,6;0,0;0,0;0,0;43,7;0,0;25,2;0,0;0,0;22,1;29,8;0,0;40,1;67,9;0,0;28,9;57,3;1;1;1;1;1;1;1;1;1;1;1;1;1;1;1;1;1;1;1;1;1;1;1;1;1;1;1;1;1;1;1;
8361007;1;01/06/2011;1;62,6;545,9;21;17;1;1;1;;0;47,1;62,3;0,0;0,0;53,2;35,3;0,0;0,0;0,0;8,1;0,0;17,3;23,4;0,0;0,0;13,7;7,1;25,9;0,0;12,0;62,6;20,3;19,8;56,0;38,7;0,0;0,0;0,0;43,1;0,0;;1;1;1;1;1;1;1;1;1;1;1;1;1;1;1;1;1;1;1;1;1;1;1;1;1;1;1;1;1;1;0;
8361007;1;01/05/2011;1;83,0;457,0;30;14;1;1;1;;0;0,0;0,0;17,7;0,0;0,0;0,0;60,9;34,2;0,0;41,7;23,6;0,0;0,0;14,1;28,3;0,0;0,0;0,0;9,3;0,0;2,7;28,2;0,0;37,3;66,9;9,1;0,0;0,0;0,0;83,0;0,0;1;1;1;1;1;1;1;1;1;1;1;1;1;1;1;1;1;1;1;1;1;1;1;1;1;1;1;1;1;1;1;
8361007;1;01/04/2011;1;70,5;234,8;21;7;1;1;1;;0;0,0;0,0;8,2;0,0;0,0;0,0;0,0;0,0;0,0;0,0;33,3;0,0;15,0;0,0;0,0;0,0;0,0;51,2;0,0;0,0;70,5;38,2;0,0;0,0;0,0;0,0;0,0;0,0;18,4;0,0;;1;1;1;1;1;1;1;1;1;1;1;1;1;1;1;1;1;1;1;1;1;1;1;1;1;1;1;1;1;1;0;
8361007;1;01/03/2011;1;88,9;243,1;16;6;1;1;1;;0;0,0;0,0;0,0;0,0;0,0;42,1;0,0;0,0;66,2;0,0;15,3;0,0;0,0;0,0;24,5;88,9;0,0;0,0;0,0;0,0;0,0;0,0;6,1;0,0;0,0;0,0;0,0;0,0;0,0;0,0;0,0;1;1;1;1;1;1;1;1;1;1;1;1;1;1;1;1;1;1;1;1;1;1;1;1;1;1;1;1;1;1;1;
8361007;1;01/02/2011;1;50,3;110,1;18;4;3;3;3;;0;22,2;0,0;0,0;4,5;0,0;0,0;0,0;0,0;0,0;0,0;0,0;0,0;0,0;0,0;0,0;0,0;0,0;50,3;0,0;0,0;33,1;0,0;0,0;0,0;0,0;0,0;0,0;0,0;;;;1;1;1;1;1;1;1;1;1;1;1;1;1;1;1;1;1;1;1;1;3;1;1;1;1;1;1;1;0;0;0;
8361007;1;01/01/2011;1;5,1;5,1;4;1;1;1;1;;0;0,0;0,0;0,0;5,1;0,0;0,0;0,0;0,0;0,0;0,0;0,0;0,0;0,0;0,0;0,0;0,0;0,0;0,0;0,0;0,0;0,0;0,0;0,0;0,0;0,0;0,0;0,0;0,0;0,0;0,0;0,0;1;1;1;1;1;1;1;1;1;1;1;1;1;1;1;1;1;1;1;1;1;1;1;1;1;1;1;1;1;1;1;
8361007;1;01/12/2010;1;51,2;276,0;22;11;1;1;1;;0;0,0;23,1;0,0;10,1;0,0;20,6;0,0;14,0;0,0;0,0;0,0;0,0;0,0;0,0;0,0;13,1;33,4;43,2;0,0;0,0;0,0;51,2;22,4;13,7;0,0;0,0;0,0;31,2;0,0;0,0;0,0;1;1;1;1;1;1;1;1;1;1;1;1;1;1;1;1;1;1;1;1;1;1;1;1;1;1;1;1;1;1;1;
8361007;1;01/10/2010;1;30,7;101,5;5;6;1;1;1;;0;0,0;0,0;12,0;0,0;30,7;0,0;0,0;0,0;0,0;0,0;0,0;23,0;0,0;0,0;0,0;0,0;0,0;0,0;0,0;0,0;0,0;0,0;0,0;7,3;0,0;0,0;0,0;10,8;0,0;0,0;17,7;1;1;1;1;1;1;1;1;1;1;1;1;1;1;1;1;1;1;1;1;1;1;1;1;1;1;1;1;1;1;1;
8361007;1;01/09/2010;1;;;;;0;0;0;;0;;;;;;;;;;;;;;;;;;;;;;;;;;;0,0;0,0;0,0;12,5;;0;0;0;0;0;0;0;0;0;0;0;0;0;0;0;0;0;0;0;0;0;0;0;0;0;0;1;1;1;1;0;
8361007;1;01/08/2010;1;;;;;0;0;0;;0;0,0;0,0;30,3;10,4;20,3;0,0;33,3;0,0;0,0;0,0;50,3;10,7;3,0;0,0;0,0;;;;;;;;;;;;;;;;;1;1;1;1;1;1;1;1;1;1;1;1;1;1;1;0;0;0;0;0;0;0;0;0;0;0;0;0;0;0;0;
8361007;1;01/07/2010;1;60,9;262,2;26;10;1;1;1;;0;0,0;0,0;0,0;0,0;0,0;0,0;0,0;40,4;12,3;2,0;0,0;0,0;0,0;0,0;11,3;30,2;20,9;0,0;0,0;0,0;40,1;13,3;0,0;0,0;0,0;60,9;0,0;30,8;0,0;0,0;0,0;1;1;1;1;1;1;1;1;1;1;1;1;1;1;1;1;1;1;1;1;1;1;1;1;1;1;1;1;1;1;1;
8361007;1;01/06/2010;1;85,3;443,2;18;14;3;3;3;;0;77,5;0,0;62,3;3,3;0,0;0,0;30,2;10,5;7,7;43,3;0,0;0,0;0,0;30,8;0,0;0,0;0,0;85,3;0,0;22,7;0,0;0,0;16,0;10,3;0,0;0,0;0,0;20,3;23,0;0,0;;3;1;3;1;1;1;1;1;1;1;1;1;1;1;1;1;1;3;1;1;1;1;1;1;1;1;1;1;1;1;0;
8361007;1;01/05/2010;1;77,2;581,9;18;18;3;3;3;;0;0,0;0,0;15,3;23,1;0,0;0,0;0,0;37,3;60,2;0,0;0,0;0,0;30,3;24,2;50,0;35,7;0,0;77,2;20,5;0,0;0,0;18,1;11,1;70,0;14,3;22,2;0,0;15,1;45,5;11,8;0,0;1;1;1;1;1;1;1;1;3;1;1;1;1;1;1;1;1;3;1;1;1;3;1;3;1;1;1;1;1;1;1;
8361007;1;01/03/2010;1;20,7;52,0;17;4;1;1;1;;0;0,0;0,0;0,0;0,0;0,0;14,0;0,0;0,0;0,0;0,0;0,0;0,0;0,0;0,0;0,0;0,0;20,7;0,0;4,0;0,0;0,0;0,0;0,0;0,0;0,0;0,0;13,3;0,0;0,0;0,0;0,0;1;1;1;1;1;1;1;1;1;1;1;1;1;1;1;1;1;1;1;1;1;1;1;1;1;1;1;1;1;1;1;
8361007;1;01/02/2010;1;5,3;5,3;24;1;1;1;1;;0;0,0;0,0;0,0;0,0;0,0;0,0;0,0;0,0;0,0;0,0;0,0;0,0;0,0;0,0;0,0;0,0;0,0;0,0;0,0;0,0;0,0;0,0;0,0;5,3;0,0;0,0;0,0;0,0;;;;1;1;1;1;1;1;1;1;1;1;1;1;1;1;1;1;1;1;1;1;1;1;1;1;1;1;1;1;0;0;0;
8361007;1;01/01/2010;1;36,5;36,5;6;1;1;1;1;;0;0,0;0,0;0,0;0,0;0,0;36,5;0,0;0,0;0,0;0,0;0,0;0,0;0,0;0,0;0,0;0,0;0,0;0,0;0,0;0,0;0,0;0,0;0,0;0,0;0,0;0,0;0,0;0,0;0,0;0,0;0,0;1;1;1;1;1;1;1;1;1;1;1;1;1;1;1;1;1;1;1;1;1;1;1;1;1;1;1;1;1;1;1;
8361007;1;01/12/2009;1;33,3;49,8;22;2;1;1;1;;0;0,0;0,0;0,0;0,0;0,0;0,0;0,0;0,0;0,0;0,0;0,0;0,0;0,0;0,0;0,0;0,0;0,0;0,0;0,0;0,0;16,5;33,3;0,0;0,0;0,0;0,0;0,0;0,0;0,0;0,0;0,0;1;1;1;1;1;1;1;1;1;1;1;1;1;1;1;1;1;1;1;1;1;1;1;1;1;1;1;1;1;1;1;
8361007;1;01/11/2009;1;33,5;56,0;15;2;1;1;1;;0;0,0;0,0;22,5;0,0;0,0;0,0;0,0;0,0;0,0;0,0;0,0;0,0;0,0;0,0;33,5;0,0;0,0;0,0;0,0;0,0;0,0;0,0;0,0;0,0;0,0;0,0;0,0;0,0;0,0;0,0;;1;1;1;1;1;1;1;1;1;1;1;1;1;1;1;1;1;1;1;1;1;1;1;1;1;1;1;1;1;1;0;
8361007;1;01/10/2009;1;15,5;47,1;13;4;1;1;1;;0;0,0;0,0;10,0;0,0;0,0;0,0;0,0;0,0;0,0;13,1;0,0;0,0;15,5;0,0;0,0;0,0;0,0;0,0;0,0;8,5;0,0;0,0;0,0;0,0;0,0;0,0;0,0;0,0;0,0;0,0;0,0;1;1;1;1;1;1;1;1;1;1;1;1;1;1;1;1;1;1;1;1;1;1;1;1;1;1;1;1;1;1;1;
8361007;1;01/09/2009;1;23,0;34,3;12;2;1;1;1;;0;0,0;0,0;0,0;0,0;0,0;0,0;0,0;0,0;0,0;0,0;0,0;23,0;11,3;0,0;0,0;0,0;0,0;0,0;0,0;0,0;0,0;0,0;0,0;0,0;0,0;0,0;0,0;0,0;0,0;0,0;;1;1;1;1;1;1;1;1;1;1;1;1;1;1;1;1;1;1;1;1;1;1;1;1;1;1;1;1;1;1;0;
8361007;1;01/08/2009;1;35,7;191,4;24;10;3;3;3;;0;24,1;0,0;0,0;33,3;4,0;0,0;0,0;0,0;12,3;0,0;14,5;33,3;9,5;14,7;0,0;10,0;0,0;0,0;0,0;0,0;0,0;0,0;0,0;35,7;0,0;0,0;0,0;0,0;0,0;0,0;0,0;1;1;1;3;1;1;1;1;3;1;1;3;1;1;1;3;1;1;1;1;1;1;1;1;1;1;1;1;1;1;1;
8361007;1;01/07/2009;1;;;;;0;0;0;;0;85,0;6,8;15,7;0,0;14,1;17,0;22,9;0,0;0,0;0,0;0,0;10,0;0,0;0,0;32,1;0,0;43,7;0,0;22,5;0,0;0,0;55,5;0,0;0,0;0,0;0,0;0,0;0,0;0,0;;;1;1;1;1;1;1;1;1;1;1;1;1;1;1;1;1;1;1;1;1;1;1;1;1;1;1;1;1;1;0;0;
8361007;1;01/06/2009;1;74,1;310,0;12;11;3;3;3;;0;12,2;0,0;0,0;0,0;0,0;0,0;45,0;0,0;0,0;0,0;14,7;74,1;0,0;0,0;0,0;0,0;0,0;12,0;0,0;0,0;10,0;20,0;40,3;0,0;63,3;0,0;0,0;0,0;7,3;11,1;;1;1;1;1;1;1;1;1;1;1;1;1;1;1;1;1;1;1;1;1;3;3;3;1;1;1;1;1;1;1;0;
8361007;1;01/05/2009;1;12,0;22,0;8;2;1;1;1;;0;0,0;0,0;0,0;0,0;0,0;0,0;0,0;12,0;0,0;0,0;0,0;0,0;0,0;0,0;0,0;0,0;0,0;0,0;10,0;0,0;0,0;0,0;0,0;0,0;0,0;0,0;0,0;0,0;0,0;0,0;0,0;1;1;1;1;1;1;1;1;1;1;1;1;1;1;1;1;1;1;1;1;1;1;1;1;1;1;1;1;1;1;1;
8361007;1;01/04/2009;1;90,5;237,6;3;5;1;1;1;;0;0,0;0,0;90,5;55,7;0,0;0,0;0,0;0,0;0,0;0,0;0,0;0,0;0,0;0,0;0,0;0,0;33,9;44,5;0,0;0,0;0,0;0,0;13,0;0,0;0,0;0,0;0,0;0,0;0,0;0,0;;1;1;1;1;1;1;1;1;1;1;1;1;1;1;1;1;1;1;1;1;1;1;1;1;1;1;1;1;1;1;0;
8361007;1;01/03/2009;1;34,0;93,0;9;5;1;1;1;;0;0,0;0,0;0,0;0,0;0,0;0,0;0,0;0,0;34,0;23,4;0,0;0,0;0,0;0,0;0,0;0,0;0,0;0,0;0,0;0,0;0,0;12,0;14,1;9,5;0,0;0,0;0,0;0,0;0,0;0,0;0,0;1;1;1;1;1;1;1;1;1;1;1;1;1;1;1;1;1;1;1;1;1;1;1;1;1;1;1;1;1;1;1;
8361007;1;01/02/2009;1;7,2;12,7;27;2;1;1;1;;0;0,0;0,0;0,0;0,0;0,0;0,0;0,0;0,0;0,0;0,0;0,0;0,0;0,0;0,0;0,0;0,0;0,0;5,5;0,0;0,0;0,0;0,0;0,0;0,0;0,0;0,0;7,2;0,0;;;;1;1;1;1;1;1;1;1;1;1;1;1;1;1;1;1;1;1;1;1;1;1;1;1;1;1;1;1;0;0;0;
8361007;1;01/01/2009;1;25,3;49,5;21;3;1;1;1;;0;0,0;0,0;0,0;0,0;17,3;0,0;0,0;0,0;0,0;0,0;0,0;0,0;0,0;0,0;0,0;0,0;0,0;0,0;0,0;0,0;25,3;0,0;0,0;0,0;0,0;0,0;0,0;0,0;0,0;6,9;0,0;1;1;1;1;1;1;1;1;1;1;1;1;1;1;1;1;1;1;1;1;1;1;1;1;1;1;1;1;1;1;1;
8361007;1;01/12/2008;1;58,0;396,8;29;18;1;1;1;;0;0,0;12,4;2,6;55,1;18,5;0,0;10,0;0,0;0,0;8,1;6,5;10,0;22,9;0,0;22,5;7,0;0,0;0,0;0,0;0,0;17,3;25,5;0,0;0,0;0,0;23,0;15,3;33,1;58,0;0,0;49,0;1;1;1;1;1;1;1;1;1;1;1;1;1;1;1;1;1;1;1;1;1;1;1;1;1;1;1;1;1;1;1;
8361007;1;01/11/2008;1;60,2;157,1;13;9;1;1;1;;0;0,0;0,0;0,0;0,0;0,0;0,0;0,0;0,0;28,3;5,5;0,0;0,0;60,2;0,0;0,0;33,5;0,0;15,1;0,0;3,3;5,0;3,2;3,0;0,0;0,0;0,0;0,0;0,0;0,0;0,0;;1;1;1;1;1;1;1;1;1;1;1;1;1;1;1;1;1;1;1;1;1;1;1;1;1;1;1;1;1;1;0;
8361007;1;01/10/2008;1;36,7;106,3;12;7;1;1;1;;0;0,0;0,0;0,0;0,0;0,0;0,0;0,0;13,0;0,0;0,0;6,1;36,7;0,0;0,0;0,0;0,0;19,0;0,0;0,0;4,5;22,3;0,0;0,0;0,0;4,7;0,0;0,0;0,0;0,0;0,0;0,0;1;1;1;1;1;1;1;1;1;1;1;1;1;1;1;1;1;1;1;1;1;1;1;1;1;1;1;1;1;1;1;
8361007;1;01/09/2008;1;55,7;174,2;25;5;1;1;1;;0;0,0;0,0;0,0;0,0;0,0;0,0;0,0;0,0;0,0;0,0;8,7;0,0;0,0;22,0;0,0;0,0;0,0;0,0;54,5;0,0;0,0;0,0;0,0;33,3;55,7;0,0;0,0;0,0;0,0;0,0;;1;1;1;1;1;1;1;1;1;1;1;1;1;1;1;1;1;1;1;1;1;1;1;1;1;1;1;1;1;1;0;
8361007;1;01/08/2008;1;44,0;189,4;16;9;1;1;1;;0;0,0;5,0;0,0;0,0;18,3;0,0;0,0;0,0;9,0;0,0;0,0;5,8;0,0;0,0;0,0;44,0;0,0;0,0;19,3;0,0;38,0;0,0;0,0;17,0;0,0;0,0;0,0;33,0;0,0;0,0;0,0;1;1;1;1;1;1;1;1;1;1;1;1;1;1;1;1;1;1;1;1;1;1;1;1;1;1;1;1;1;1;1;
8361007;1;01/07/2008;1;73,1;595,3;25;22;1;1;1;;0;0,0;23,3;34,1;19,9;55,0;12,0;22,5;18,1;0,0;40,9;0,0;0,0;22,3;0,0;66,5;18,7;8,7;11,0;2,5;13,1;16,0;0,0;3,7;15,3;73,1;40,0;22,9;0,0;55,7;0,0;0,0;1;1;1;1;1;1;1;1;1;1;1;1;1;1;1;1;1;1;1;1;1;1;1;1;1;1;1;1;1;1;1;
8361007;1;01/06/2008;1;62,7;396,4;11;15;1;1;1;;0;11,0;0,0;17,5;0,0;0,0;0,0;0,0;37,0;44,1;0,0;62,7;0,0;0,0;0,0;0,0;0,0;37,0;18,7;23,7;11,9;0,0;13,5;0,0;18,0;12,7;36,7;38,9;0,0;0,0;13,0;;1;1;1;1;1;1;1;1;1;1;1;1;1;1;1;1;1;1;1;1;1;1;1;1;1;1;1;1;1;1;0;
8361007;1;01/05/2008;1;85,3;431,5;22;12;1;1;1;;0;0,0;0,0;14,5;22,9;22,0;33,5;37,0;0,0;0,0;0,0;0,0;0,0;0,0;41,2;0,0;0,0;49,3;0,0;0,0;54,0;0,0;85,3;0,0;11,1;0,0;14,7;0,0;0,0;0,0;46,0;0,0;1;1;1;1;1;1;1;1;1;1;1;1;1;1;1;1;1;1;1;1;1;1;1;1;1;1;1;1;1;1;1;
8361007;1;01/04/2008;1;53,0;132,8;18;4;1;1;1;;0;0,0;0,0;0,0;0,0;0,0;0,0;0,0;0,0;0,0;45,0;0,0;0,0;30,5;0,0;0,0;0,0;0,0;53,0;0,0;0,0;0,0;0,0;0,0;0,0;4,3;0,0;0,0;0,0;0,0;0,0;;1;1;1;1;1;1;1;1;1;1;1;1;1;1;1;1;1;1;1;1;1;1;1;1;1;1;1;1;1;1;0;
8361007;1;01/03/2008;1;28,0;51,2;9;4;1;1;1;;0;0,0;0,0;0,0;0,0;0,0;0,0;0,0;0,0;28,0;11,0;6,5;0,0;0,0;5,7;0,0;0,0;0,0;0,0;0,0;0,0;0,0;0,0;0,0;0,0;0,0;0,0;0,0;0,0;0,0;0,0;0,0;1;1;1;1;1;1;1;1;1;1;1;1;1;1;1;1;1;1;1;1;1;1;1;1;1;1;1;1;1;1;1;
8361007;1;01/02/2008;1;18,0;51,6;13;4;1;1;1;;0;0,0;0,0;0,0;0,0;0,0;0,0;0,0;0,0;15,1;0,0;0,0;4,0;18,0;0,0;0,0;0,0;0,0;0,0;0,0;14,5;0,0;0,0;0,0;0,0;0,0;0,0;0,0;0,0;0,0;;;1;1;1;1;1;1;1;1;1;1;1;1;1;1;1;1;1;1;1;1;1;1;1;1;1;1;1;1;1;0;0;
8361007;1;01/01/2008;1;5,0;5,0;13;1;1;1;1;;0;0,0;0,0;0,0;0,0;0,0;0,0;0,0;0,0;0,0;0,0;0,0;0,0;5,0;0,0;0,0;0,0;0,0;0,0;0,0;0,0;0,0;0,0;0,0;0,0;0,0;0,0;0,0;0,0;0,0;0,0;0,0;1;1;1;1;1;1;1;1;1;1;1;1;1;1;1;1;1;1;1;1;1;1;1;1;1;1;1;1;1;1;1;
8361007;1;01/12/2007;1;52,0;164,1;25;8;3;3;3;;0;23,3;0,0;0,0;0,0;0,0;0,0;0,0;0,0;10,0;4,5;0,0;0,0;0,0;14,0;0,0;0,0;0,0;0,0;33,3;20,0;7,0;0,0;0,0;0,0;52,0;0,0;0,0;0,0;0,0;0,0;0,0;1;1;1;1;1;1;1;1;3;1;1;1;1;1;1;1;1;1;1;1;1;1;1;1;1;1;1;1;1;1;1;
8361007;1;01/11/2007;1;3,5;3,5;1;1;1;1;1;;0;3,5;0,0;0,0;0,0;0,0;0,0;0,0;0,0;0,0;0,0;0,0;0,0;0,0;0,0;0,0;0,0;0,0;0,0;0,0;0,0;0,0;0,0;0,0;0,0;0,0;0,0;0,0;0,0;0,0;0,0;;1;1;1;1;1;1;1;1;1;1;1;1;1;1;1;1;1;1;1;1;1;1;1;1;1;1;1;1;1;1;0;
8361007;1;01/10/2007;1;30,7;102,7;5;6;1;1;1;;0;0,0;0,0;12,0;0,0;30,7;0,0;0,0;0,0;0,0;0,0;0,0;28,0;0,0;0,0;0,0;0,0;0,0;0,0;0,0;0,0;0,0;0,0;0,0;7,0;0,0;0,0;0,0;10,0;0,0;15,0;0,0;1;1;1;1;1;1;1;1;1;1;1;1;1;1;1;1;1;1;1;1;1;1;1;1;1;1;1;1;1;1;1;
8361007;1;01/09/2007;1;35,5;102,7;18;6;3;3;3;;0;0,0;0,0;0,0;0,0;0,0;0,0;0,0;13,1;0,0;0,0;0,0;9,1;0,0;22,5;10,0;0,0;0,0;35,5;0,0;0,0;0,0;0,0;0,0;0,0;0,0;0,0;0,0;0,0;0,0;12,5;;1;1;1;1;1;1;1;3;1;1;1;1;1;3;3;1;1;3;1;1;1;1;1;1;1;1;1;1;1;3;0;
8361007;1;01/08/2007;1;60,1;402,8;7;14;3;3;3;;0;13,3;0,0;0,0;30,5;0,0;25,0;60,1;0,0;0,0;20,5;23,0;0,0;15,5;0,0;24,7;0,0;50,1;23,0;0,0;43,0;0,0;0,0;40,1;0,0;0,0;0,0;0,0;13,5;0,0;0,0;20,5;3;1;1;3;1;3;3;1;1;3;3;1;3;1;1;1;3;3;1;3;1;1;3;1;1;1;1;3;1;1;3;
8361007;1;01/07/2007;1;84,5;340,2;10;12;2;2;2;;0;15,5;0,0;10,0;0,0;0,0;15,0;0,0;43,5;10,0;84,5;0,0;0,0;0,0;13,7;0,0;0,0;0,0;0,0;28,0;0,0;4,3;0,0;0,0;18,5;0,0;0,0;22,1;0,0;0,0;0,0;75,1;3;1;3;1;1;3;1;2;3;1;1;1;1;3;1;1;1;1;3;1;1;1;1;3;1;1;1;1;1;1;3;
8361007;1;01/06/2007;1;66,3;514,4;4;19;3;3;3;;0;32,1;15,3;53,0;66,3;3,3;0,0;0,0;0,0;0,0;36,0;0,0;0,0;28,1;0,0;21,3;27,7;1,5;33,3;14,5;49,0;10,0;15,5;0,0;19,0;0,0;0,0;30,0;28,5;0,0;30,0;;1;3;3;1;3;1;1;1;1;1;1;1;3;1;1;1;1;3;1;1;3;3;1;1;1;1;3;3;1;3;0;
8361007;1;01/05/2007;1;55,0;408,4;6;10;3;3;3;;0;0,0;0,0;0,0;0,0;0,0;55,0;40,0;0,0;0,0;0,0;0,0;0,0;0,0;50,0;36,4;42,5;0,0;36,0;0,0;0,0;14,5;44,0;0,0;0,0;0,0;0,0;0,0;45,0;0,0;0,0;45,0;1;1;1;1;1;3;3;1;1;1;1;1;1;3;1;1;1;1;1;1;1;1;1;1;1;1;1;3;1;1;3;
8361007;1;01/04/2007;1;100,0;275,0;1;6;3;3;3;;0;100,0;52,0;34,0;19,0;0,0;0,0;0,0;0,0;0,0;0,0;0,0;0,0;0,0;0,0;0,0;0,0;34,0;0,0;0,0;0,0;0,0;0,0;0,0;0,0;0,0;0,0;0,0;0,0;0,0;36,0;;3;3;3;1;1;1;1;1;1;1;1;1;1;1;1;1;3;1;1;1;1;1;1;1;1;1;1;1;1;1;0;
8361007;1;01/03/2007;1;52,0;201,5;31;6;3;3;3;;0;0,0;0,0;0,0;0,0;0,0;0,0;0,0;0,0;0,0;0,0;0,0;0,0;0,0;15,5;0,0;0,0;0,0;0,0;0,0;0,0;0,0;0,0;0,0;0,0;10,0;40,5;0,0;0,0;34,0;49,5;52,0;1;1;1;1;1;1;1;1;1;1;1;1;1;3;1;1;1;1;1;1;1;1;1;1;3;3;1;1;3;1;3;
8361007;1;01/02/2007;1;0,0;0,0;1;0;1;1;1;;0;0,0;0,0;0,0;0,0;0,0;0,0;0,0;0,0;0,0;0,0;0,0;0,0;0,0;0,0;0,0;0,0;0,0;0,0;0,0;0,0;0,0;0,0;0,0;0,0;0,0;0,0;0,0;0,0;;;;1;1;1;1;1;1;1;1;1;1;1;1;1;1;1;1;1;1;1;1;1;1;1;1;1;1;1;1;0;0;0;
8361007;1;01/01/2007;1;0,0;0,0;1;0;1;1;1;;0;0,0;0,0;0,0;0,0;0,0;0,0;0,0;0,0;0,0;0,0;0,0;0,0;0,0;0,0;0,0;0,0;0,0;0,0;0,0;0,0;0,0;0,0;0,0;0,0;0,0;0,0;0,0;0,0;0,0;0,0;0,0;1;1;1;1;1;1;1;1;1;1;1;1;1;1;1;1;1;1;1;1;1;1;1;1;1;1;1;1;1;1;1;
8361007;1;01/12/2006;1;34,0;34,0;1;1;1;1;1;;0;34,0;0,0;0,0;0,0;0,0;0,0;0,0;0,0;0,0;0,0;0,0;0,0;0,0;0,0;0,0;0,0;0,0;0,0;0,0;0,0;0,0;0,0;0,0;0,0;0,0;0,0;0,0;0,0;0,0;0,0;0,0;1;1;1;1;1;1;1;1;1;1;1;1;1;1;1;1;1;1;1;1;1;1;1;1;1;1;1;1;1;1;1;
8361007;1;01/11/2006;1;34,5;65,0;14;3;1;1;1;;0;0,0;15,0;0,0;0,0;0,0;0,0;0,0;0,0;0,0;0,0;0,0;0,0;0,0;34,5;0,0;0,0;0,0;15,5;0,0;0,0;0,0;0,0;0,0;0,0;0,0;0,0;0,0;0,0;0,0;0,0;;1;1;1;1;1;1;1;1;1;1;1;1;1;1;1;1;1;1;1;1;1;1;1;1;1;1;1;1;1;1;0;
8361007;1;01/10/2006;1;30,0;60,3;18;4;1;1;1;;0;0,0;0,0;0,0;0,0;0,0;0,0;0,0;0,0;9,5;0,0;0,0;0,0;0,0;0,0;0,0;0,0;0,0;30,0;0,0;0,0;0,0;0,0;16,3;0,0;0,0;0,0;0,0;0,0;0,0;0,0;4,5;1;1;1;1;1;1;1;1;1;1;1;1;1;1;1;1;1;1;1;1;1;1;1;1;1;1;1;1;1;1;1;
8361007;1;01/09/2006;1;33,0;108,8;6;8;1;1;1;;0;0,0;0,0;8,5;0,0;10,0;33,0;0,0;0,0;0,0;0,0;0,0;2,0;33,0;0,0;2,5;3,3;0,0;0,0;0,0;0,0;0,0;0,0;0,0;0,0;0,0;0,0;0,0;0,0;16,5;0,0;;1;1;1;1;1;1;1;1;1;1;1;1;1;1;1;1;1;1;1;1;1;1;1;1;1;1;1;1;1;1;0;
8361007;1;01/08/2006;1;62,0;391,5;23;14;1;1;1;;0;0,0;0,0;5,0;0,0;45,0;17,5;0,0;55,5;0,0;0,0;0,0;5,0;0,0;40,0;18,5;2,0;6,0;48,0;17,5;0,0;0,0;0,0;62,0;0,0;0,0;0,0;0,0;15,5;0,0;54,0;0,0;1;1;1;1;1;1;1;1;1;1;1;1;1;1;1;1;1;1;1;1;1;1;1;1;1;1;1;1;1;1;1;
8361007;1;01/07/2006;1;75,5;588,6;3;20;1;1;1;;0;42,5;0,0;75,5;0,0;10,0;25,0;0,0;0,0;0,0;35,5;25,5;2,0;30,0;35,5;15,5;55,0;0,0;21,0;15,5;23,1;10,5;0,0;40,5;0,0;0,0;28,0;22,5;0,0;36,0;0,0;39,5;1;1;1;1;1;1;1;1;1;1;1;1;1;1;1;1;1;1;1;1;1;1;1;1;1;1;1;1;1;1;1;
8361007;1;01/06/2006;1;70,1;598,4;13;19;3;3;3;;0;0,0;0,0;61,5;12,6;15,9;0,0;0,0;32,8;0,0;35,4;50,2;30,6;70,1;7,1;10,2;25,6;10,4;50,2;30,6;25,0;15,8;32,5;70,1;11,8;0,0;0,0;0,0;0,0;0,0;0,0;;1;1;1;3;3;1;1;3;1;3;3;3;3;1;3;3;3;3;3;3;3;3;3;3;1;1;1;1;1;1;0;
8361007;1;01/05/2006;1;53,5;300,5;26;18;3;3;3;;0;31,8;8,7;4,0;9,4;0,0;7,2;0,0;0,0;0,0;5,8;4,5;13,8;0,0;15,1;20,6;0,0;0,0;0,0;3,4;14,5;0,0;0,0;0,0;3,2;8,3;53,5;0,0;45,5;13,7;37,5;0,0;3;3;3;3;1;3;1;1;1;3;3;3;1;3;3;1;1;1;3;3;1;1;1;3;3;3;3;3;3;3;1;
8361007;1;01/04/2006;1;47,3;92,8;27;4;3;3;3;;0;0,0;0,0;0,0;0,0;0,0;0,0;0,0;0,0;0,0;0,0;0,0;0,0;0,0;0,0;5,0;0,0;0,0;0,0;26,5;0,0;0,0;0,0;0,0;0,0;0,0;0,0;47,3;0,0;0,0;14,0;;1;1;1;1;1;1;1;1;1;1;1;1;1;1;3;1;1;1;3;1;1;1;1;1;1;1;3;1;1;3;0;
8361007;1;01/03/2006;1;14,8;14,8;21;1;3;3;3;;0;0,0;0,0;0,0;0,0;0,0;0,0;0,0;0,0;0,0;0,0;0,0;0,0;0,0;0,0;0,0;0,0;0,0;0,0;0,0;0,0;14,8;0,0;0,0;0,0;0,0;0,0;0,0;0,0;0,0;0,0;0,0;1;1;1;1;1;1;1;1;1;1;1;1;1;1;1;1;1;1;1;1;3;1;1;1;1;1;1;1;1;1;1;
8361007;1;01/02/2006;1;9,8;15,5;2;3;3;3;3;;0;4,5;9,8;0,0;0,0;0,0;0,0;0,0;0,0;0,0;0,0;0,0;0,0;0,0;0,0;0,0;1,2;0,0;0,0;0,0;0,0;0,0;0,0;0,0;0,0;0,0;0,0;0,0;0,0;;;;3;3;1;1;1;1;1;1;1;1;1;1;1;1;1;1;1;1;1;1;1;1;1;1;1;1;1;1;0;0;0;
8361007;1;01/01/2006;1;42,5;203,4;1;11;3;3;3;;0;42,5;0,0;0,0;23,7;0,0;10,0;0,0;23,0;0,0;0,5;0,0;0,0;0,0;0,0;0,0;0,0;0,0;0,0;41,0;11,0;0,0;0,0;0,0;0,0;0,0;33,0;0,0;6,0;11,0;1,7;0,0;1;1;1;1;3;3;3;3;1;1;1;1;1;1;1;1;1;1;3;3;1;1;1;1;1;3;1;1;3;3;1;
8361007;1;01/12/2005;1;15,6;88,6;5;13;3;3;3;;0;11,8;13,2;0,0;0,0;15,6;13,5;5,0;0,0;0,0;0,0;0,0;6,0;0,0;0,0;2,5;0,0;0,0;0,0;0,0;6,9;1,9;3,7;3,5;3,0;0,0;0,0;0,0;0,0;0,0;2,0;0,0;3;3;1;1;3;3;3;1;1;1;1;3;1;3;3;1;1;1;1;1;1;1;1;3;1;1;1;1;1;3;1;
8361007;1;01/11/2005;1;10,0;17,0;14;5;1;1;1;;0;;;;;;;;;;;0,0;0,0;0,0;10,0;0,0;0,0;1,0;0,0;0,0;0,0;0,0;1,0;0,0;4,9;0,0;0,0;0,0;0,0;0,1;0,0;;0;0;0;0;0;0;0;0;0;0;4;1;1;1;1;1;1;1;1;1;1;1;1;1;1;1;1;1;1;1;0;
